50.0648261 19.9413412;50.0636278 19.9404334;50.0649149 19.9413755;
50.0621076 19.9392535;50.0628627 19.9398275;50.0620188 19.9391757;
50.0592537 19.9245534;50.059296 19.9239091;50.0592915 19.9248525;50.0591538 19.9238906;
50.059296 19.9239091;50.0592537 19.9245534;50.0591538 19.9238906;50.0597798 19.9206056;
50.0640861 19.9337123;50.0634183 19.9329642;50.0636309 19.9348424;50.065658 19.9354571;
50.0634183 19.9329642;50.0640861 19.9337123;50.0647502 19.9316397;50.0626356 19.9321021;50.0633755 19.9330239;
50.0592915 19.9248525;50.0592537 19.9245534;50.0581534 19.9256441;50.0593596 19.9252909;50.0608459 19.9239765;
50.0646229 19.9449476;50.0633874 19.9450626;50.0646181 19.9449621;50.0648218 19.944982;50.065279 19.943047;
50.0633874 19.9450626;50.0646229 19.9449476;50.063541 19.9467724;50.0627778 19.9449661;
50.0672499 19.9428678;50.0672776 19.9437108;50.0656981 19.9418248;50.0674043 19.9427174;
50.0672776 19.9437108;50.0672499 19.9428678;50.0653824 19.942745;50.067281 19.9451247;
50.0561118 19.928821;50.0554177 19.9278335;50.0586004 19.9282744;50.0560602 19.9289356;50.0564333 19.9292265;
50.0554177 19.9278335;50.0561118 19.928821;50.0554464 19.9275126;50.0552932 19.9275792;
50.0524698 19.9351564;50.0513352 19.9355672;50.0536079 19.9380262;
50.0513352 19.9355672;50.0524698 19.9351564;50.052403 19.9402367;
50.0536079 19.9380262;50.0524698 19.9351564;50.0540859 19.9391841;
50.0543856 19.9386994;50.0540859 19.9391841;50.0540859 19.9391841;50.0544959 19.9385385;
50.0540859 19.9391841;50.0543856 19.9386994;50.0518729 19.9414963;50.0589162 19.9412015;50.0536079 19.9380262;50.0543856 19.9386994;
50.06475 19.9243556;50.0658134 19.9244298;50.0657553 19.924789;50.0644921 19.9242765;
50.0658134 19.9244298;50.06475 19.9243556;50.065836 19.9243328;50.0659452 19.9243694;50.0657553 19.924789;
50.0658217 19.9248162;50.0659452 19.9243694;50.0690011 19.9266041;50.0657553 19.924789;50.0657075 19.9252246;
50.0659452 19.9243694;50.0658217 19.9248162;50.0663448 19.922747;50.065836 19.9243328;50.0678267 19.9253278;50.0658134 19.9244298;
50.070089 19.9250791;50.0705794 19.9237371;50.0698035 19.9255017;50.0692864 19.9263503;
50.0690011 19.9266041;50.0683923 19.9273071;50.0700123 19.9272855;50.0692864 19.9263503;50.0692018 19.9262873;50.0658217 19.9248162;
50.0683923 19.9273071;50.0690011 19.9266041;50.0691463 19.9329551;50.0650293 19.9313149;
50.0620203 19.9392587;50.0616829 19.940424;50.0620135 19.9388825;
50.0616829 19.940424;50.0620203 19.9392587;50.0616252 19.9404399;50.0615537 19.940856;50.0624808 19.941007;
50.0626356 19.9321021;50.0626013 19.9322356;50.0625945 19.930309;50.0634183 19.9329642;50.0619394 19.9317797;
50.0626013 19.9322356;50.0626356 19.9321021;50.0613666 19.9354189;
50.0620126 19.9363194;50.0620961 19.9360916;50.0617687 19.937134;
50.0620961 19.9360916;50.0620126 19.9363194;50.062523 19.9349872;
50.0636309 19.9348424;50.0640861 19.9337123;50.0642307 19.9353435;
50.0613062 19.9354399;50.0606209 19.9348253;50.0613666 19.9354189;
50.0606209 19.9348253;50.0613062 19.9354399;50.0612295 19.9330557;50.0602198 19.9362505;50.0600354 19.9343637;
50.061084 19.9367082;50.0609405 19.9365806;50.0612746 19.9369692;
50.0609405 19.9365806;50.061084 19.9367082;50.0602198 19.9362505;
50.0576182 19.9460143;50.0578187 19.9457052;50.0578517 19.9462152;50.057246 19.945741;
50.0578187 19.9457052;50.0576182 19.9460143;50.05853 19.9447567;50.0571106 19.9450693;
50.0608517 19.9397419;50.0592199 19.9387187;50.0608454 19.9398548;50.0612331 19.9385017;
50.0592199 19.9387187;50.0608517 19.9397419;50.0591732 19.9379694;50.0591021 19.9387054;
50.0653243 19.9387072;50.0653701 19.9367599;50.0643157 19.9380193;50.0647665 19.9397421;50.0658895 19.9390543;
50.0653701 19.9367599;50.0653243 19.9387072;50.0648458 19.936904;
50.061175 19.9441216;50.0612344 19.9473341;50.060746 19.9437267;50.0627778 19.9449661;50.0612771 19.9418132;
50.0612344 19.9473341;50.061175 19.9441216;50.0645937 19.9465154;50.0614403 19.9478824;
50.0580309 19.9252272;50.0581534 19.9256441;50.0572143 19.9229888;
50.0581534 19.9256441;50.0580309 19.9252272;50.0592915 19.9248525;50.055986 19.926883;
50.0560126 19.9240361;50.0560632 19.9239909;50.0552789 19.9221976;50.0553988 19.9247456;
50.0560632 19.9239909;50.0560126 19.9240361;50.056274 19.9237757;
50.0527492 19.9464057;50.0524491 19.945766;50.0531358 19.9462155;50.0512059 19.9470884;
50.0524491 19.945766;50.0527492 19.9464057;50.0514815 19.9462015;50.0521564 19.9451273;
50.0531358 19.9462155;50.0527492 19.9464057;50.0541191 19.9456923;50.0536589 19.9484026;50.0520611 19.9431644;
50.0691463 19.9329551;50.0683923 19.9273071;50.0692743 19.9335038;
50.0601622 19.9376852;50.0591551 19.9378495;50.060633 19.9376424;
50.0591551 19.9378495;50.0601622 19.9376852;50.0591231 19.9378554;
50.0576649 19.9380774;50.057758 19.9389253;50.0579842 19.9367082;50.0569604 19.9381436;50.0581435 19.9380029;
50.0591231 19.9378554;50.0591021 19.9387054;50.0581435 19.9380029;50.059197 19.9369534;50.0591551 19.9378495;50.0591732 19.9379694;
50.0591021 19.9387054;50.0591231 19.9378554;50.0592199 19.9387187;50.0589162 19.9412015;
50.0647665 19.9397421;50.063982 19.9391896;50.064805 19.9403092;50.0653243 19.9387072;
50.0631804 19.9386136;50.063982 19.9391896;50.0628627 19.9398275;50.062468 19.9380846;50.0639732 19.9361602;
50.0643157 19.9380193;50.0653243 19.9387072;50.0635622 19.9374754;
50.0634074 19.928049;50.0622572 19.9237442;50.0634901 19.9291953;50.0644941 19.9275976;
50.0622572 19.9237442;50.0634074 19.928049;50.0609267 19.924392;50.0631176 19.9238151;
50.0625945 19.930309;50.0626356 19.9321021;50.0634819 19.9303511;50.0623099 19.9277351;50.061063 19.9304777;
50.0619394 19.9317797;50.0619286 19.9305613;50.060506 19.9324181;50.0626356 19.9321021;
50.0675376 19.9338439;50.0708182 19.931554;50.0668828 19.9290473;50.0672747 19.9339713;
50.0658214 19.9345841;50.0658293 19.9351041;50.0647502 19.9316397;50.0672747 19.9339713;
50.0658293 19.9351041;50.0658214 19.9345841;50.065658 19.9354571;
50.0647502 19.9316397;50.0658214 19.9345841;50.0634183 19.9329642;50.0650293 19.9313149;
50.0692676 19.9378938;50.0689509 19.9368599;50.0688455 19.9382691;50.0723693 19.9358527;
50.069024 19.9367765;50.0693642 19.9377967;50.066243 19.9383832;50.0722342 19.9320463;
50.066243 19.9383832;50.069024 19.9367765;50.065658 19.9354571;50.0662729 19.9391219;
50.0672747 19.9339713;50.0673687 19.9347388;50.0675376 19.9338439;50.0658214 19.9345841;
50.0673687 19.9347388;50.0672747 19.9339713;50.0678514 19.9375282;50.0675854 19.9376723;50.065903 19.9351131;
50.0650293 19.9313149;50.0644941 19.9275976;50.0683923 19.9273071;50.0647502 19.9316397;
50.0644941 19.9275976;50.0650293 19.9313149;50.0634074 19.928049;50.0652943 19.9271591;
50.0678267 19.9253278;50.067649 19.925729;50.0682665 19.9256069;50.0659452 19.9243694;
50.0577754 19.9467593;50.0581851 19.9468737;50.0574705 19.9465404;50.058176 19.9471543;
50.0581851 19.9468737;50.0577754 19.9467593;50.0583038 19.9467249;50.0581778 19.9465294;
50.0595852 19.9421295;50.0576892 19.9440834;50.0589162 19.9412015;50.060723 19.9402552;50.060746 19.9437267;50.05853 19.9447567;
50.0576892 19.9440834;50.0595852 19.9421295;50.0570602 19.9447222;
50.0675382 19.9427815;50.0688455 19.9382691;50.0674043 19.9427174;50.0688615 19.9433694;
50.0688455 19.9382691;50.0675382 19.9427815;50.0675752 19.9386721;50.0692676 19.9378938;
50.065658 19.9354571;50.066243 19.9383832;50.0658293 19.9351041;50.0640861 19.9337123;
50.0553014 19.9348386;50.0550083 19.9334588;50.0587045 19.9332501;50.0554177 19.9368011;
50.0550083 19.9334588;50.0553014 19.9348386;50.0551868 19.9326157;
50.0552981 19.9374784;50.0554177 19.9368011;50.0548159 19.9380119;
50.0554177 19.9368011;50.0552981 19.9374784;50.0556227 19.9369273;50.0553014 19.9348386;
50.0656981 19.9418248;50.0672499 19.9428678;50.065279 19.943047;50.0657808 19.9415739;
50.0674043 19.9427174;50.0657808 19.9415739;50.0672499 19.9428678;50.0675382 19.9427815;
50.0657808 19.9415739;50.0674043 19.9427174;50.0658223 19.9414414;50.0656981 19.9418248;
50.070234 19.9458434;50.0704147 19.9451183;50.0704684 19.9459125;50.0695963 19.945893;
50.0697844 19.9382561;50.0714221 19.9391736;50.0695061 19.9397681;50.0693129 19.9378498;
50.0674188 19.9284276;50.0665519 19.9267274;50.0679716 19.9312774;
50.0665519 19.9267274;50.0674188 19.9284276;50.0669876 19.9253228;50.0660515 19.9279741;
50.0646181 19.9449621;50.0646229 19.9449476;50.0646204 19.9460623;50.0647012 19.9460984;
50.0640693 19.9226264;50.0639717 19.9225964;50.0658777 19.9132829;50.0649744 19.9229568;50.0639433 19.9234854;
50.0639717 19.9225964;50.0640693 19.9226264;50.0639663 19.9226352;
50.0660183 19.9236975;50.065536 19.924225;50.0663448 19.922747;50.065836 19.9243328;
50.065536 19.924225;50.0660183 19.9236975;50.0644128 19.9238154;50.065836 19.9243328;
50.0634819 19.9303511;50.0625945 19.930309;50.0635221 19.9325643;50.0634901 19.9291953;
50.0598507 19.9278751;50.0603964 19.9273858;50.0564333 19.9292265;
50.0603964 19.9273858;50.0598507 19.9278751;50.0603066 19.9270314;50.06328 19.9276365;
50.0564129 19.929273;50.0564333 19.9292265;50.0560602 19.9289356;50.0564661 19.9292942;
50.0564333 19.9292265;50.0564129 19.929273;50.0564661 19.9292942;50.0598507 19.9278751;50.0561118 19.928821;
50.0634901 19.9291953;50.0634074 19.928049;50.0646766 19.928989;50.0634819 19.9303511;
50.0603066 19.9270314;50.0625617 19.9252767;50.0603964 19.9273858;50.0597957 19.9274761;
50.0597957 19.9274761;50.0586004 19.9282744;50.0603066 19.9270314;
50.0648218 19.944982;50.0646229 19.9449476;50.067281 19.9451247;
50.0688615 19.9433694;50.0685272 19.9451882;50.0703804 19.9437602;50.0675382 19.9427815;
50.0685272 19.9451882;50.0688615 19.9433694;50.0693263 19.9450906;50.067281 19.9451247;
50.0566376 19.9286786;50.0565984 19.9288981;50.0565343 19.9279092;
50.0522551 19.9281232;50.0519812 19.9274555;50.0530235 19.9287872;
50.0562583 19.9455737;50.0559216 19.9459978;50.0574705 19.9465404;50.0564182 19.9453905;50.0557247 19.9451828;
50.0559216 19.9459978;50.0562583 19.9455737;50.0564022 19.9456814;50.0536589 19.9484026;
50.0587047 19.9482049;50.0585521 19.9474855;50.0587912 19.9491888;
50.0585521 19.9474855;50.0587047 19.9482049;50.0583038 19.9467249;
50.0675752 19.9386721;50.067277 19.9405545;50.0688455 19.9382691;50.0662729 19.9391219;
50.0696043 19.9460513;50.0702795 19.9460213;50.069076 19.9491598;
50.0702795 19.9460213;50.0696043 19.9460513;50.0704925 19.9466856;50.0703433 19.9460002;
50.0695963 19.945893;50.068975 19.9491604;50.070234 19.9458434;
50.063157 19.9432169;50.0628116 19.9429873;50.0633851 19.9428358;
50.0647684 19.9366835;50.0645642 19.9372337;50.0648458 19.936904;50.0642722 19.9352167;
50.0645642 19.9372337;50.0647684 19.9366835;50.0648458 19.936904;50.063982 19.9391896;
50.0633851 19.9428358;50.063157 19.9432169;50.063715 19.9419082;
50.0647467 19.9452532;50.0652696 19.9454062;50.064525 19.9446776;
50.064525 19.9446776;50.0647467 19.9452532;50.0645067 19.9446359;
50.0645067 19.9446359;50.064525 19.9446776;50.0644941 19.9424687;
50.0651565 19.923022;50.0650167 19.9229721;50.0652023 19.922724;
50.0650167 19.9229721;50.0651565 19.923022;50.0649744 19.9229568;
50.0663448 19.922747;50.0682927 19.9232872;50.0659452 19.9243694;50.0675762 19.918162;50.0660183 19.9236975;
50.0682927 19.9232872;50.0663448 19.922747;50.0671761 19.9212987;50.069414 19.923569;
50.069406 19.9241969;50.0702453 19.9246954;50.0693938 19.9241689;
50.0702557 19.9274087;50.0704439 19.9272372;50.0700434 19.9273068;
50.0660515 19.9279741;50.0654597 19.9283988;50.066807 19.9291339;50.0665519 19.9267274;50.0652943 19.9271591;
50.0700123 19.9272855;50.0690011 19.9266041;50.0700434 19.9273068;
50.0692864 19.9263503;50.0692018 19.9262873;50.0690011 19.9266041;50.070089 19.9250791;50.0706855 19.9276147;
50.0688174 19.9260064;50.0692018 19.9262873;50.0682665 19.9256069;
50.0593596 19.9252909;50.0606771 19.9245273;50.0596974 19.9267743;50.0592915 19.9248525;50.0582287 19.9260322;
50.0606771 19.9245273;50.0593596 19.9252909;50.0609267 19.924392;
50.0679716 19.9312774;50.0690753 19.9307493;50.0674188 19.9284276;50.0672342 19.9316202;
50.0648458 19.936904;50.0647684 19.9366835;50.0653701 19.9367599;50.0645642 19.9372337;
50.0604576 19.9333155;50.0600354 19.9343637;50.061016 19.9336966;
50.0600354 19.9343637;50.0604576 19.9333155;50.0606209 19.9348253;
50.0633444 19.9355881;50.0628045 19.9368672;50.0634171 19.9355729;
50.0628045 19.9368672;50.0633444 19.9355881;50.0626666 19.9369415;50.062856 19.9369077;
50.0639957 19.9359648;50.0639032 19.9360427;50.0634171 19.9355729;
50.064805 19.9403092;50.0647665 19.9397421;50.0648095 19.940369;
50.0581435 19.9380029;50.0577483 19.9337005;50.0591231 19.9378554;50.0590535 19.9397261;50.0576649 19.9380774;
50.0556227 19.9369273;50.05681 19.9375335;50.0554177 19.9368011;
50.0545799 19.9384098;50.0540691 19.9382008;50.0547591 19.9384783;50.0544959 19.9385385;50.0548159 19.9380119;
50.0540691 19.9382008;50.0545799 19.9384098;50.0541845 19.9386217;50.0529108 19.9354053;
50.0612934 19.9383127;50.0612331 19.9385017;50.0616153 19.9385514;
50.0612331 19.9385017;50.0612934 19.9383127;50.0608517 19.9397419;
50.0609267 19.924392;50.0608459 19.9239765;50.0622572 19.9237442;50.0606771 19.9245273;
50.0608459 19.9239765;50.0609267 19.924392;50.0592915 19.9248525;50.0621873 19.9232885;
50.0610411 19.9299148;50.0609923 19.927502;50.0602022 19.9302239;50.0612073 19.9320897;
50.0608454 19.9398548;50.0616252 19.9404399;50.0608517 19.9397419;50.060723 19.9402552;
50.0615537 19.940856;50.0612771 19.9418132;50.0616829 19.940424;
50.0612771 19.9418132;50.0615537 19.940856;50.061175 19.9441216;
50.0567019 19.9375216;50.05681 19.9375335;50.0566627 19.93817;
50.0586593 19.928573;50.0594163 19.9328795;50.0586004 19.9282744;
50.057828 19.9295786;50.0588249 19.9293697;50.0576389 19.9307172;50.0566752 19.9295377;
50.0565343 19.9279092;50.0566376 19.9286786;50.0563158 19.9274787;50.0560936 19.9285506;
50.0558207 19.9256879;50.0559843 19.9264605;50.0570128 19.925082;50.0550293 19.9264217;50.0553988 19.9247456;
50.0567058 19.9324751;50.0573219 19.931304;50.0569854 19.9340511;50.0554144 19.9315797;
50.0551868 19.9326157;50.0568727 19.9333315;50.0553141 19.9320775;50.0550083 19.9334588;
50.0554144 19.9315797;50.0567058 19.9324751;50.0553141 19.9320775;50.0558461 19.929751;
50.0568839 19.9267769;50.0567755 19.9264505;50.0563759 19.9270386;50.0582287 19.9260322;
50.0642307 19.9353435;50.0636309 19.9348424;50.0645844 19.9342694;
50.0617709 19.9342894;50.061016 19.9336966;50.062523 19.9349872;
50.061016 19.9336966;50.0617709 19.9342894;50.0604576 19.9333155;
50.0602198 19.9362505;50.0606209 19.9348253;50.0594556 19.9362209;50.0609405 19.9365806;
50.0671161 19.9424593;50.0671161 19.9424593;50.0671161 19.9424593;
50.060506 19.9324181;50.0619394 19.9317797;50.0599542 19.9326733;50.0596974 19.9267743;
50.0648756 19.9411608;50.0648158 19.9412424;50.0648158 19.9412424;
50.0644941 19.9424687;50.0648103 19.9413309;50.0645067 19.9446359;
50.0648103 19.9413309;50.0644941 19.9424687;50.0648158 19.9412424;
50.0614403 19.9478824;50.0627945 19.951105;50.0588701 19.9481828;50.0612344 19.9473341;
50.0587045 19.9332501;50.0553014 19.9348386;50.0588017 19.9332013;50.0588689 19.9333403;50.0590326 19.9339926;50.0584698 19.9325055;
50.0692717 19.9260685;50.0692717 19.9260685;50.0692717 19.9260685;
50.052403 19.9402367;50.0513352 19.9355672;50.0530317 19.9402236;50.0514934 19.9407388;
50.0598224 19.9455596;50.0584111 19.9457296;50.060746 19.9437267;50.0596872 19.9474063;
50.060746 19.9437267;50.0598224 19.9455596;50.061175 19.9441216;50.0595852 19.9421295;
50.0591212 19.9474475;50.0590586 19.945655;50.0596872 19.9474063;50.0587535 19.9474795;
50.0596872 19.9474063;50.0598224 19.9455596;50.0591212 19.9474475;
50.0588701 19.9481828;50.0614403 19.9478824;50.0584477 19.9482403;
50.0627778 19.9449661;50.0629296 19.9469135;50.061175 19.9441216;50.0633874 19.9450626;
50.063541 19.9467724;50.0633874 19.9450626;50.0635908 19.9473311;
50.0538296 19.945033;50.052664 19.9442557;50.0541191 19.9456923;50.0536423 19.9459689;50.0540934 19.9439961;
50.0541191 19.9456923;50.0538296 19.945033;50.0531358 19.9462155;50.0549985 19.9446182;50.0548213 19.9471577;
50.0527037 19.9479184;50.0529947 19.9476184;50.0531186 19.9480646;50.0518529 19.9484298;
50.0529947 19.9476184;50.0527037 19.9479184;50.0531186 19.9480646;50.0533192 19.9469932;
50.0531186 19.9480646;50.0527037 19.9479184;50.0529947 19.9476184;
50.0572143 19.9229888;50.058854 19.9224736;50.0569117 19.9225871;50.0580309 19.9252272;
50.0547533 19.9249163;50.0540251 19.9240369;50.0548001 19.9250534;
50.0693263 19.9450906;50.0685272 19.9451882;50.0697567 19.9450203;
50.0693938 19.9241689;50.0694355 19.9231749;50.069406 19.9241969;
50.0591732 19.9379694;50.0592199 19.9387187;50.0591231 19.9378554;
50.0553988 19.9247456;50.0560126 19.9240361;50.0544672 19.9256281;50.0558207 19.9256879;
50.0697567 19.9450203;50.0704089 19.9449702;50.0704019 19.9448267;50.0693263 19.9450906;
50.0646202 19.9468384;50.0645015 19.9454697;50.0646532 19.9472721;
50.0552932 19.9275792;50.055216 19.9274248;50.0560693 19.9272121;50.0551792 19.9276337;50.0554177 19.9278335;
50.055216 19.9274248;50.0552932 19.9275792;50.0546323 19.9261351;50.055126 19.9275096;50.055986 19.926883;
50.0596974 19.9267743;50.0593596 19.9252909;50.060506 19.9324181;
50.0638776 19.9236128;50.0639433 19.9234854;50.0639663 19.9226352;50.0638173 19.9240608;50.0644128 19.9238154;50.0626913 19.9232133;
50.0639433 19.9234854;50.0638776 19.9236128;50.0640693 19.9226264;
50.0565839 19.9452209;50.0564182 19.9453905;50.057246 19.945741;50.0552594 19.9441561;50.0570602 19.9447222;
50.0564182 19.9453905;50.0565839 19.9452209;50.0562583 19.9455737;
50.0518729 19.9414963;50.0540859 19.9391841;50.0524342 19.9419557;
50.0621873 19.9232885;50.0619234 19.9195411;50.0608459 19.9239765;50.0626913 19.9232133;
50.0617852 19.9433418;50.0620827 19.9423896;50.0613597 19.9432309;50.0628116 19.9429873;
50.0657553 19.924789;50.06475 19.9243556;50.0657075 19.9252246;50.0658217 19.9248162;50.0658134 19.9244298;
50.055986 19.926883;50.0581534 19.9256441;50.055216 19.9274248;
50.0589162 19.9412015;50.0595852 19.9421295;50.0540859 19.9391841;50.0591021 19.9387054;
50.0574705 19.9465404;50.0562583 19.9455737;50.0577754 19.9467593;
50.0662729 19.9391219;50.0658223 19.9414414;50.066243 19.9383832;50.0675752 19.9386721;50.0658895 19.9390543;50.0658895 19.9390543;
50.0658223 19.9414414;50.0662729 19.9391219;50.0657808 19.9415739;
50.0599542 19.9326733;50.060506 19.9324181;50.0591272 19.9330284;50.0590352 19.9336811;
50.0520611 19.9431644;50.0524385 19.9426276;50.0531358 19.9462155;
50.0534778 19.9485864;50.0530994 19.9487166;50.0536589 19.9484026;50.0499033 19.9524115;
50.0530994 19.9487166;50.0534778 19.9485864;50.0526362 19.9489599;
50.0599283 19.9235656;50.0599283 19.9235656;50.0599283 19.9235656;
50.0651165 19.9471543;50.0652696 19.9454062;50.0652696 19.9454062;
50.0698035 19.9255017;50.070089 19.9250791;50.0694081 19.9259908;
50.0570128 19.925082;50.0558207 19.9256879;50.0578309 19.9246319;50.0563041 19.9237479;
50.059197 19.9369534;50.0591231 19.9378554;50.0593728 19.9365596;
50.060723 19.9402552;50.0595852 19.9421295;50.0608454 19.9398548;
50.0594556 19.9362209;50.0602198 19.9362505;50.0593728 19.9365596;50.0593749 19.9348836;
50.0658895 19.9390543;50.0653243 19.9387072;50.0662729 19.9391219;50.0662729 19.9391219;
50.0652943 19.9271591;50.0644941 19.9275976;50.0657075 19.9252246;50.0660515 19.9279741;
50.0657075 19.9252246;50.0652943 19.9271591;50.0657553 19.924789;50.0658217 19.9248162;
50.063715 19.9419082;50.0640193 19.9421362;50.0633851 19.9428358;50.0632519 19.941551;
50.0640193 19.9421362;50.063715 19.9419082;50.065279 19.943047;
50.0639663 19.9226352;50.0639717 19.9225964;50.0638776 19.9236128;
50.0553141 19.9320775;50.0551868 19.9326157;50.0554144 19.9315797;
50.0547591 19.9384783;50.0545799 19.9384098;50.0554003 19.9383315;
50.0544672 19.9256281;50.0553988 19.9247456;50.0545117 19.925778;50.0534778 19.9221107;
50.0545117 19.925778;50.0546323 19.9261351;50.0544672 19.9256281;
50.0546323 19.9261351;50.0545117 19.925778;50.055216 19.9274248;50.0547579 19.9266559;
50.0531409 19.9291197;50.0530762 19.9289406;50.053302 19.929629;50.0534062 19.9289242;50.0529395 19.9292764;
50.0530762 19.9289406;50.0531409 19.9291197;50.0530235 19.9287872;
50.065279 19.943047;50.0656981 19.9418248;50.0646229 19.9449476;50.0640193 19.9421362;
50.0529108 19.9354053;50.0528995 19.9353951;50.0540691 19.9382008;
50.0528995 19.9353951;50.0529108 19.9354053;50.0536926 19.9341876;
50.0536926 19.9341876;50.0528995 19.9353951;50.0542617 19.9351203;50.0532044 19.9353147;
50.0693613 19.9260484;50.0692018 19.9262873;50.0689643 19.9261088;50.0694081 19.9259908;
50.0553402 19.9442119;50.0557669 19.9401805;50.0552906 19.9442748;
50.062468 19.9380846;50.0631804 19.9386136;50.0623226 19.9379745;
50.0584477 19.9482403;50.0582718 19.9482689;50.0585992 19.949236;50.0583725 19.9477562;50.0588701 19.9481828;
50.067281 19.9451247;50.0685272 19.9451882;50.0648218 19.944982;50.0672776 19.9437108;
50.054252 19.9440457;50.0519242 19.9421265;50.0549985 19.9446182;
50.0547579 19.9266559;50.0546323 19.9261351;50.055126 19.9275096;
50.0564661 19.9292942;50.0564333 19.9292265;50.0584698 19.9325055;50.0564129 19.929273;
50.0551792 19.9276337;50.0556508 19.9284859;50.0552932 19.9275792;50.055126 19.9275096;50.0550121 19.9276802;
50.0556508 19.9284859;50.0551792 19.9276337;50.0560602 19.9289356;
50.05853 19.9447567;50.0578187 19.9457052;50.0595852 19.9421295;50.0583038 19.9467249;
50.0549985 19.9446182;50.0557247 19.9451828;50.0541191 19.9456923;50.0550345 19.9445772;50.054252 19.9440457;
50.0557247 19.9451828;50.0549985 19.9446182;50.0562583 19.9455737;
50.0545164 19.9358824;50.0545735 19.9362885;50.0542617 19.9351203;
50.0591538 19.9238906;50.059296 19.9239091;50.0592537 19.9245534;50.0589419 19.9224658;
50.055048 19.9351622;50.0548008 19.9348121;50.0554543 19.9365361;
50.0542617 19.9351203;50.0547374 19.9348314;50.0536926 19.9341876;50.0545164 19.9358824;
50.0637228 19.9240264;50.0638173 19.9240608;50.0631176 19.9238151;
50.0638173 19.9240608;50.0637228 19.9240264;50.0644921 19.9242765;50.0638776 19.9236128;
50.0644128 19.9238154;50.065536 19.924225;50.0638776 19.9236128;
50.055126 19.9275096;50.055216 19.9274248;50.0547579 19.9266559;50.0551792 19.9276337;50.0550121 19.9276802;
50.0560693 19.9272121;50.0552932 19.9275792;50.0563759 19.9270386;
50.0648388 19.9468867;50.064929 19.9468083;50.0648518 19.9465771;
50.0552594 19.9441561;50.0524342 19.9419557;50.0565839 19.9452209;
50.0524342 19.9419557;50.0552594 19.9441561;50.0518729 19.9414963;
50.065836 19.9243328;50.0660183 19.9236975;50.0659452 19.9243694;50.065536 19.924225;50.0658134 19.9244298;
50.0682665 19.9256069;50.0688174 19.9260064;50.0678267 19.9253278;
50.0548001 19.9250534;50.0547533 19.9249163;50.0548696 19.9252528;
50.0583725 19.9477562;50.0585817 19.9482201;50.0584477 19.9482403;50.058176 19.9471543;
50.0550345 19.9445772;50.0549985 19.9446182;50.0551692 19.9444184;
50.0548213 19.9471577;50.0553546 19.9483212;50.0541191 19.9456923;
50.0536589 19.9484026;50.0538693 19.9494116;50.0531358 19.9462155;50.0534778 19.9485864;50.0559216 19.9459978;
50.053302 19.929629;50.0531409 19.9291197;50.0521637 19.9304415;
50.0647425 19.9472634;50.0649269 19.9492352;50.0647156 19.9463154;50.0646204 19.9460623;
50.0647156 19.9463154;50.0647425 19.9472634;50.0647012 19.9460984;
50.0614324 19.9399394;50.0613807 19.9399915;50.0616153 19.9385514;50.0617404 19.940225;
50.0584698 19.9325055;50.0564661 19.9292942;50.0588017 19.9332013;50.0587045 19.9332501;
50.0583038 19.9467249;50.0581851 19.9468737;50.0580449 19.9463814;50.0585521 19.9474855;50.05853 19.9447567;
50.0580449 19.9463814;50.0583038 19.9467249;50.0578517 19.9462152;
50.0578517 19.9462152;50.0576182 19.9460143;50.0580449 19.9463814;
50.057246 19.945741;50.0576182 19.9460143;50.0565839 19.9452209;
50.058176 19.9471543;50.0577754 19.9467593;50.0583725 19.9477562;
50.0558461 19.929751;50.0554144 19.9315797;50.0560602 19.9289356;
50.0560602 19.9289356;50.0558461 19.929751;50.0564129 19.929273;50.0556508 19.9284859;50.0561118 19.928821;
50.0563041 19.9237479;50.0570128 19.925082;50.056274 19.9237757;
50.0518529 19.9484298;50.0527037 19.9479184;50.0527227 19.9480747;
50.0591272 19.9330284;50.0588017 19.9332013;50.0599542 19.9326733;
50.0588017 19.9332013;50.0591272 19.9330284;50.0587045 19.9332501;50.0588689 19.9333403;50.0584698 19.9325055;
50.0606704 19.9375282;50.0606704 19.9375282;50.0606704 19.9375282;
50.0554003 19.9383315;50.0547591 19.9384783;50.0566627 19.93817;
50.0649149 19.9413755;50.0648261 19.9413412;50.0651258 19.9414681;
50.0606658 19.9402106;50.0616252 19.9404399;50.0616252 19.9404399;
50.055025 19.9378533;50.055025 19.9378533;50.055025 19.9378533;
50.0652023 19.922724;50.0652252 19.9225709;50.0651565 19.923022;
50.0649744 19.9229568;50.0650167 19.9229721;50.0640693 19.9226264;
50.0633755 19.9330239;50.0634183 19.9329642;50.0632882 19.9331679;
50.0570602 19.9447222;50.0576892 19.9440834;50.0565839 19.9452209;
50.061313 19.9402065;50.0613488 19.9400891;50.0615414 19.940785;
50.0616153 19.9385514;50.0614324 19.9399394;50.0612934 19.9383127;
50.062856 19.9369077;50.0628045 19.9368672;50.0635622 19.9374754;
50.0632882 19.9331679;50.062523 19.9349872;50.0633755 19.9330239;
50.0648268 19.9464853;50.0648518 19.9465771;50.0647886 19.9461838;
50.0652984 19.9454177;50.0652661 19.945577;50.0653187 19.9452785;
50.0613666 19.9354189;50.0613062 19.9354399;50.0626013 19.9322356;
50.0694081 19.9259908;50.0698035 19.9255017;50.0693613 19.9260484;
50.0648095 19.940369;50.0648158 19.9412424;50.064805 19.9403092;
50.0635622 19.9374754;50.062856 19.9369077;50.0643157 19.9380193;
50.0623226 19.9379745;50.062468 19.9380846;50.0621185 19.9377341;
50.0547046 19.9326823;50.0547046 19.9326823;50.0547046 19.9326823;
50.0646204 19.9460623;50.0646181 19.9449621;50.0647425 19.9472634;
50.0529395 19.9292764;50.0517248 19.9302692;50.0507187 19.9309272;50.0531409 19.9291197;
50.0550121 19.9276802;50.055126 19.9275096;50.0547749 19.9278603;50.0551792 19.9276337;
50.0700434 19.9273068;50.0700123 19.9272855;50.0712654 19.9293166;50.0702557 19.9274087;
50.0644921 19.9242765;50.0638173 19.9240608;50.06475 19.9243556;
50.0563759 19.9270386;50.0568839 19.9267769;50.0560693 19.9272121;
50.0582287 19.9260322;50.0568839 19.9267769;50.0593596 19.9252909;
50.0631176 19.9238151;50.0637228 19.9240264;50.0622572 19.9237442;
50.0530235 19.9287872;50.0522551 19.9281232;50.0530762 19.9289406;
50.0551692 19.9444184;50.0550345 19.9445772;50.0552906 19.9442748;
50.0552906 19.9442748;50.0553402 19.9442119;50.0551692 19.9444184;
50.0593728 19.9365596;50.0594556 19.9362209;50.059197 19.9369534;
50.0548159 19.9380119;50.0552981 19.9374784;50.0545799 19.9384098;
50.0532044 19.9353147;50.0539208 19.9365355;50.0536926 19.9341876;
50.061159 19.9442517;50.061159 19.9442517;50.061159 19.9442517;
50.0609991 19.946717;50.0609991 19.946717;50.0609991 19.946717;
50.0610865 19.9472238;50.0610865 19.9472238;50.0610865 19.9472238;
50.0590326 19.9339926;50.0587045 19.9332501;50.0593749 19.9348836;
50.0591218 19.9339206;50.0588689 19.9333403;50.0593749 19.9348836;
50.0593749 19.9348836;50.0594556 19.9362209;50.0590326 19.9339926;50.0591218 19.9339206;
50.0647012 19.9460984;50.0646181 19.9449621;50.0647156 19.9463154;
50.0547749 19.9278603;50.0550121 19.9276802;50.0534062 19.9289242;
50.0657436 19.9245263;50.0657436 19.9245263;50.0657436 19.9245263;
50.065705 19.9243683;50.065705 19.9243683;50.065705 19.9243683;
50.0594527 19.9253712;50.0594527 19.9253712;50.0594527 19.9253712;
50.0659457 19.9241838;50.0659457 19.9241838;50.0659457 19.9241838;
50.0658513 19.9241694;50.0658513 19.9241694;50.0658513 19.9241694;
50.0694585 19.9260278;50.0694585 19.9260278;50.0694585 19.9260278;
50.059198 19.9385732;50.059198 19.9385732;50.059198 19.9385732;
50.0544959 19.9385385;50.0545799 19.9384098;50.0543856 19.9386994;
50.0534062 19.9289242;50.0547749 19.9278603;50.0531409 19.9291197;
50.056274 19.9237757;50.0563041 19.9237479;50.0560632 19.9239909;
50.0626913 19.9232133;50.0621873 19.9232885;50.0638776 19.9236128;
